290,27
290,26
290,25
290,24
290,23
290,22
290,21
290,20
290,19
290,18
290,17
290,16
290,15
3,2
3,1
290,14
290,13
290,12
290,11
290,10
290,9
290,8
290,7
290,6
290,5
290,4
290,3
3,3
290,2
290,1
290,0
289,3
289,2
289,1
289,0
288,4
288,3
288,2
288,1
288,0
287,3
10,171
287,2
287,1
287,0
286,4
286,3
10,155
286,2
286,1
286,0
285,3
10,173
285,2
285,1
285,0
284,3
10,229
284,2
284,1
284,0
283,3
10,217
10,9
283,2
283,1
283,0
282,3
10,103
10,1
282,2
282,1
282,0
281,4
281,3
10,33
10,2
281,2
281,1
281,0
280,3
10,3
280,2
280,1
280,0
279,3
11,13
11,5
11,9
11,7
279,2
279,1
279,0
278,4
278,3
11,21
11,27
11,11
278,2
278,1
278,0
277,4
277,3
277,2
277,1
277,0
276,3
8,4
8,5
8,7
8,11
8,10
276,2
276,1
276,0
14,25
14,24
14,23
14,22
14,21
14,20
13,6
12,3
12,2
12,1
11,29
11,17
11,3
20,2
20,1
20,3
19,2
19,1
11,2
